parentID=392
probSet
numObjects=55
388 0.018182
387 0.018182
386 0.018182
385 0.018182
384 0.018182
383 0.018182
381 0.018182
380 0.018182
349 0.018182
348 0.018182
382 0.018182
345 0.018182
346 0.018182
347 0.018182
377 0.018182
376 0.018182
374 0.018182
371 0.018182
369 0.018182
366 0.018182
364 0.018182
361 0.018182
359 0.018182
356 0.018182
354 0.018182
351 0.018182
344 0.018182
342 0.018182
337 0.018182
335 0.018182
379 0.018182
378 0.018182
373 0.018182
372 0.018182
368 0.018182
367 0.018182
363 0.018182
362 0.018182
358 0.018182
357 0.018182
353 0.018182
352 0.018182
343 0.018182
341 0.018182
338 0.018182
336 0.018182
375 0.018182
370 0.018182
365 0.018182
360 0.018182
355 0.018182
350 0.018182
340 0.018182
339 0.018182
142 0.018182