id=1634
type=0,randStartPhase=0
forceZeroStart=0
numSounds=0
numSprites=6
numSlots=0
offset=(0.000000,0.000000)
startPause=0.000000
animParam=0.000000 0.000000 0.000000 0.150000 40.000000 0.000000 (2.000000,0.000000) 0.000000 0.000000 0.000000 0.000000 0.000000 1.000000 0.000000 0.150000 0.000000 0.000000 1.000000 0.000000
offset=(0.000000,0.000000)
startPause=0.000000
animParam=0.000000 0.000000 0.000000 0.150000 40.000000 0.200000 (0.000000,0.000000) 0.000000 0.000000 0.000000 0.000000 0.000000 1.000000 0.000000 0.150000 0.000000 0.000000 1.000000 0.200000
offset=(0.000000,0.000000)
startPause=0.000000
animParam=0.000000 0.000000 0.000000 0.150000 40.000000 0.400000 (3.000000,0.000000) 0.000000 0.000000 0.000000 0.000000 0.000000 1.000000 0.000000 0.150000 0.000000 0.000000 1.000000 0.400000
offset=(0.000000,0.000000)
startPause=0.000000
animParam=0.000000 0.000000 0.000000 0.000000 0.000000 0.000000 (0.000000,0.000000) 0.000000 0.000000 0.000000 0.000000 0.000000 1.000000 0.000000 0.000000 0.000000 0.000000 1.000000 0.000000
offset=(0.000000,0.000000)
startPause=0.000000
animParam=0.000000 0.000000 0.000000 0.000000 0.000000 0.000000 (0.000000,0.000000) 0.000000 0.000000 0.750000 0.010000 0.000000 1.000000 0.000000 0.000000 0.000000 0.000000 1.000000 0.000000
offset=(0.000000,0.000000)
startPause=0.000000
animParam=0.000000 0.000000 0.000000 0.000000 0.000000 0.000000 (0.000000,0.000000) 0.000000 0.000000 0.833333 0.020000 0.000000 1.000000 0.000000 0.000000 0.000000 0.000000 1.000000 0.000000
author=818439E626